0 -90 1.75
18.6606 -79.8862 2.1158
32.857 -75.043 2.18889
57.6831 -89.5742 2.27286
83.0591 -74.9983 2.24325
82.2901 -67.9436 1.54303
71.2712 -40.1239 1.6819
85.5662 -53.5827 2.46113
99.0249 -68.7195 0.989833
105.341 -83.1251 0.380997
125.267 -81.1125 1.599
117.77 -66.4721 0.729173
110.845 -40.1894 0.617402
105.465 -38.0177 2.33964
101.587 -9.74602 0.316634
98.8567 14.1823 0.488114
92.0396 31.1006 0.502416
90.2709 48.9174 1.23425
77.1141 72.2363 0.761765
76.0871 87.2008 0.855374
84.774 87.9655 0.515249
84.901 84.0787 0.15335
114.698 86.1618 0.783992
131.329 86.4163 1.97328
141.429 75.4442 0.360813
141.456 75.4797 0.124828
160.549 82.6849 0.11013
160.253 85.5048 1.00291
180 90 2.5
